RMSE: 0.3895849938648181
MAE: 0.29066067654920613
